#x	#y	#z	#vx	#vy	#vz
6371250.00000	0.00000	0.00000	0.00000	0.00000	0.00000	
6371249.99902	0.00000	0.00000	-0.09813	0.00000	0.00000	
6371249.99706	0.00000	0.00000	-0.19626	0.00000	0.00000	
6371249.99411	0.00000	0.00000	-0.29439	0.00000	0.00000	
6371249.99019	0.00000	0.00000	-0.39252	0.00000	0.00000	
6371249.98528	0.00000	0.00000	-0.49064	0.00000	0.00000	
6371249.97939	0.00000	0.00000	-0.58877	0.00000	0.00000	
6371249.97252	0.00000	0.00000	-0.68690	0.00000	0.00000	
6371249.96467	0.00000	0.00000	-0.78503	0.00000	0.00000	
6371249.95584	0.00000	0.00000	-0.88316	0.00000	0.00000	
6371249.94603	0.00000	0.00000	-0.98129	0.00000	0.00000	
6371249.93524	0.00000	0.00000	-1.07942	0.00000	0.00000	
6371249.92346	0.00000	0.00000	-1.17755	0.00000	0.00000	
6371249.91070	0.00000	0.00000	-1.27567	0.00000	0.00000	
6371249.89696	0.00000	0.00000	-1.37380	0.00000	0.00000	
6371249.88225	0.00000	0.00000	-1.47193	0.00000	0.00000	
6371249.86654	0.00000	0.00000	-1.57006	0.00000	0.00000	
6371249.84986	0.00000	0.00000	-1.66819	0.00000	0.00000	
6371249.83220	0.00000	0.00000	-1.76632	0.00000	0.00000	
6371249.81356	0.00000	0.00000	-1.86445	0.00000	0.00000	
6371249.79393	0.00000	0.00000	-1.96258	0.00000	0.00000	
6371249.77332	0.00000	0.00000	-2.06070	0.00000	0.00000	
6371249.75173	0.00000	0.00000	-2.15883	0.00000	0.00000	
6371249.72916	0.00000	0.00000	-2.25696	0.00000	0.00000	
6371249.70561	0.00000	0.00000	-2.35509	0.00000	0.00000	
6371249.68108	0.00000	0.00000	-2.45322	0.00000	0.00000	
6371249.65557	0.00000	0.00000	-2.55135	0.00000	0.00000	
6371249.62907	0.00000	0.00000	-2.64948	0.00000	0.00000	
6371249.60160	0.00000	0.00000	-2.74761	0.00000	0.00000	
6371249.57314	0.00000	0.00000	-2.84573	0.00000	0.00000	
6371249.54370	0.00000	0.00000	-2.94386	0.00000	0.00000	
6371249.51328	0.00000	0.00000	-3.04199	0.00000	0.00000	
6371249.48188	0.00000	0.00000	-3.14012	0.00000	0.00000	
6371249.44950	0.00000	0.00000	-3.23825	0.00000	0.00000	
6371249.41613	0.00000	0.00000	-3.33638	0.00000	0.00000	
6371249.38179	0.00000	0.00000	-3.43451	0.00000	0.00000	
6371249.34646	0.00000	0.00000	-3.53264	0.00000	0.00000	
6371249.31015	0.00000	0.00000	-3.63076	0.00000	0.00000	
6371249.27287	0.00000	0.00000	-3.72889	0.00000	0.00000	
6371249.23460	0.00000	0.00000	-3.82702	0.00000	0.00000	
6371249.19534	0.00000	0.00000	-3.92515	0.00000	0.00000	
6371249.15511	0.00000	0.00000	-4.02328	0.00000	0.00000	
6371249.11390	0.00000	0.00000	-4.12141	0.00000	0.00000	
6371249.07170	0.00000	0.00000	-4.21954	0.00000	0.00000	
6371249.02853	0.00000	0.00000	-4.31767	0.00000	0.00000	
6371248.98437	0.00000	0.00000	-4.41579	0.00000	0.00000	
6371248.93923	0.00000	0.00000	-4.51392	0.00000	0.00000	
6371248.89311	0.00000	0.00000	-4.61205	0.00000	0.00000	
6371248.84601	0.00000	0.00000	-4.71018	0.00000	0.00000	
6371248.79792	0.00000	0.00000	-4.80831	0.00000	0.00000	
6371248.74886	0.00000	0.00000	-4.90644	0.00000	0.00000	
6371248.69881	0.00000	0.00000	-5.00457	0.00000	0.00000	
6371248.64779	0.00000	0.00000	-5.10270	0.00000	0.00000	
6371248.59578	0.00000	0.00000	-5.20083	0.00000	0.00000	
6371248.54279	0.00000	0.00000	-5.29895	0.00000	0.00000	
6371248.48882	0.00000	0.00000	-5.39708	0.00000	0.00000	
6371248.43386	0.00000	0.00000	-5.49521	0.00000	0.00000	
6371248.37793	0.00000	0.00000	-5.59334	0.00000	0.00000	
6371248.32102	0.00000	0.00000	-5.69147	0.00000	0.00000	
6371248.26312	0.00000	0.00000	-5.78960	0.00000	0.00000	
6371248.20424	0.00000	0.00000	-5.88773	0.00000	0.00000	
6371248.14438	0.00000	0.00000	-5.98586	0.00000	0.00000	
6371248.08354	0.00000	0.00000	-6.08398	0.00000	0.00000	
6371248.02172	0.00000	0.00000	-6.18211	0.00000	0.00000	
6371247.95892	0.00000	0.00000	-6.28024	0.00000	0.00000	
6371247.89514	0.00000	0.00000	-6.37837	0.00000	0.00000	
6371247.83037	0.00000	0.00000	-6.47650	0.00000	0.00000	
6371247.76463	0.00000	0.00000	-6.57463	0.00000	0.00000	
6371247.69790	0.00000	0.00000	-6.67276	0.00000	0.00000	
6371247.63019	0.00000	0.00000	-6.77089	0.00000	0.00000	
6371247.56150	0.00000	0.00000	-6.86902	0.00000	0.00000	
6371247.49183	0.00000	0.00000	-6.96714	0.00000	0.00000	
6371247.42118	0.00000	0.00000	-7.06527	0.00000	0.00000	
6371247.34954	0.00000	0.00000	-7.16340	0.00000	0.00000	
6371247.27693	0.00000	0.00000	-7.26153	0.00000	0.00000	
6371247.20333	0.00000	0.00000	-7.35966	0.00000	0.00000	
6371247.12875	0.00000	0.00000	-7.45779	0.00000	0.00000	
6371247.05319	0.00000	0.00000	-7.55592	0.00000	0.00000	
6371246.97665	0.00000	0.00000	-7.65405	0.00000	0.00000	
6371246.89913	0.00000	0.00000	-7.75218	0.00000	0.00000	
6371246.82063	0.00000	0.00000	-7.85030	0.00000	0.00000	
6371246.74114	0.00000	0.00000	-7.94843	0.00000	0.00000	
6371246.66068	0.00000	0.00000	-8.04656	0.00000	0.00000	
6371246.57923	0.00000	0.00000	-8.14469	0.00000	0.00000	
6371246.49680	0.00000	0.00000	-8.24282	0.00000	0.00000	
6371246.41339	0.00000	0.00000	-8.34095	0.00000	0.00000	
6371246.32900	0.00000	0.00000	-8.43908	0.00000	0.00000	
6371246.24363	0.00000	0.00000	-8.53721	0.00000	0.00000	
6371246.15728	0.00000	0.00000	-8.63533	0.00000	0.00000	
6371246.06994	0.00000	0.00000	-8.73346	0.00000	0.00000	
6371245.98163	0.00000	0.00000	-8.83159	0.00000	0.00000	
6371245.89233	0.00000	0.00000	-8.92972	0.00000	0.00000	
6371245.80205	0.00000	0.00000	-9.02785	0.00000	0.00000	
6371245.71079	0.00000	0.00000	-9.12598	0.00000	0.00000	
6371245.61855	0.00000	0.00000	-9.22411	0.00000	0.00000	
6371245.52533	0.00000	0.00000	-9.32224	0.00000	0.00000	
6371245.43112	0.00000	0.00000	-9.42037	0.00000	0.00000	
6371245.33594	0.00000	0.00000	-9.51849	0.00000	0.00000	
6371245.23977	0.00000	0.00000	-9.61662	0.00000	0.00000	
6371245.14262	0.00000	0.00000	-9.71475	0.00000	0.00000	
6371245.04450	0.00000	0.00000	-9.81288	0.00000	0.00000	
